0
Grid:
30,30
..@.....@@@@...@@............@
@......@@@...@.......@.@.....@
.@..@.@....@.........@@.......
@.....@....@......@...........
@..@.@@....@.....@.....@.@.@..
...@@..@.........@..@.@.......
.....@...@.........@@..@.....@
.............@....@@@@..@.@...
@...@...@.............@.@....@
............@..@@.@.....@..@@.
..@....@......@.....@..@.@..@.
........@.....@...............
...@...@.......@...........@.@
@.@..@..@.......@...@....@....
............@.......@@........
.@@@............@.........@...
...@...@......@...@.@.........
.................@@...@..@@...
..@.....@.....@@....@.@.@.@...
@.@..@........@.......@.......
....@......@...............@..
.@@@.....@@@@....@.....@......
...@..@.@..@..@.....@@....@@.@
...@....@.................@@..
.@....@@...@.......@..........
.....@.....@......@.@........@
.@.@...@..@....@.....@@.@.....
..@.......@...................
..@..@@@@.........@...@.......
.........@.@@..@.....@@.@.@...
Agents:
20
0,3,17,2,3
1,2,13,11,3
2,23,19,5,24
3,24,3,28,29
4,21,28,26,18
5,17,28,16,26
6,7,6,11,7
7,26,5,15,5
8,21,15,1,2
9,7,7,3,8
10,6,7,3,27
11,9,11,4,13
12,19,21,1,12
13,10,22,5,29
14,25,19,18,29
15,8,20,27,16
16,19,4,19,28
17,18,23,20,18
18,28,24,4,21
19,11,18,12,21
