0
Grid:
30,30
@..........@..@@..............
.........@............@@..@.@@
.....@..@.....@@..............
.@.........@.@...@.@.@........
.......@..@@...........@......
.....@.@@.@..@....@...@.....@.
.....@..@..@........@...@....@
....@..............@..........
.@....@..............@@......@
..............@@..@....@......
.@@@.@@.@.@..........@@..@....
..@@..@...@..@...@...@......@.
...@....@............@....@.@.
@....@..@.......@@............
@..@...@@..........@..@....@@.
..@.@..................@......
...........@.@................
..@@..@@.@.....@...@.......@@.
.@@....@..............@.@.....
.......@......@.....@..@...@..
@.@@..@.@..@.....@....@.......
......@......@@..@@...........
.@....@@..@.......@....@@..@..
@.....@.......@.@.....@.......
.....@.....@@@@..@.@@@@......@
@.@.@@...........@...@..@@@...
..@.@....@.............@..@..@
........@............@.....@..
....@........@....@.@.....@@..
@@.@...@.@.......@.@....@..@@.
Agents:
25
0,10,28,3,26
1,28,2,19,1
2,11,26,1,19
3,21,3,27,6
4,1,10,10,20
5,17,21,17,20
6,24,2,17,29
7,28,1,13,22
8,6,18,23,7
9,5,15,7,5
10,15,3,6,7
11,15,1,28,17
12,11,9,18,11
13,27,28,16,17
14,21,12,29,16
15,12,11,27,15
16,22,3,13,1
17,1,25,9,25
18,4,27,26,18
19,20,28,2,0
20,19,22,2,3
21,21,23,12,14
22,22,12,7,3
23,10,20,4,26
24,21,21,28,11
