0
Grid:
50,50
..@.....@.@............@@...@..@.......@.@@..@.@@.
@.............@@........@@@.@......@.....@.@.@....
...@.@...@....@..@....@.@@...................@...@
..@.........@.........@..@..@.@@......@@.@...@@...
........@....@..@@..@......@.......@.............@
....@..................@@@@..@@..........@.@.@...@
....@...@.......@@.......@........@..@.@...@......
...................@.@.@.@..@@....@..@......@.....
@..@......@.........@...@..@........@@..@.@.......
............@..@..@.@..........@....@....@........
@.......@.@..@@.@@.....@....@..@....@...@.........
@@.@......@..............@..@...@..@....@.........
.....@...@.@.@..........@....@.......@....@....@..
.@..@@.......@.......@.@.@......@..@......@@....@.
..@...@.@.@........@..@..@......@...@............@
.@.@@.............@......@....@.@.........@.@....@
.......@@.....@@....@.....@.....@.......@@....@.@.
@.....@....@....@....@...@.@@..@....@.@..@@.@.@..@
@...@.@@.....@...@@.@@......@.....@........@......
........@.......@@.........@@..@...@...@....@.....
..@....@@..@............@..@.@.@.@..@............@
.......@...........@....@.......@..@..@.....@.@...
@....................@.......................@....
@.@....@..@.....@........@@@...@...@.@@@@...@@..@.
............@@@.@.....@@..@..@....@@.......@.....@
.@...@@@..............@...........@...............
..@........@..@..@.@.....@..@@@...@@.......@....@.
........................@......@.....@..@@.@.....@
@......@..............@..@.@@@........@.......@...
@@..@.........@..@....@.....@@@...@...@........@..
...@...@....@...@.@..............@@.@@@@...@.....@
....@..@@.@@.......@@............@.@@@...@........
....@.@.@.@.@@@@..........@............@@@........
...@.@....@..@.......@...@..@....@.@@......@...@@.
@.@..@....@.......@.@.....@.......................
.@..@.....@.@..@@..@...@...@....@.@@@@....@.....@@
.@.@.@......@.........@.....@.......@......@......
....@......@@@.........@.......@...@...@..........
.....@@.......@..@...@....@@.@..@@........@.@@...@
...@.@........@......@@.........@.........@.@...@@
...@...@.........@.............@.@.@..........@@..
..@..@..@...........@.@...@..@....................
..................................@...........@.@@
........@..@..@......@...@.....@......@....@....@@
@.@..@........@................@..................
.............@..............@.@@.......@@.@.....@.
.@.............@@@...@@......@@.......@...@.@..@.@
................@.........@.@...@@..@..@..@..@.@@.
......@@..............................@....@...@..
...................@@@...@.@.......@....@.........
Agents:
25
0,18,47,23,43
1,14,37,6,23
2,38,47,43,13
3,47,34,14,30
4,34,23,47,34
5,46,14,4,12
6,21,28,45,17
7,38,30,49,39
8,37,37,10,27
9,27,17,46,11
10,8,49,5,2
11,25,19,6,11
12,44,25,7,47
13,25,23,21,5
14,0,14,14,47
15,2,4,10,2
16,38,41,14,29
17,46,33,34,25
18,38,36,13,45
19,39,38,43,19
20,2,41,47,21
21,2,23,3,0
22,28,48,28,5
23,11,19,47,29
24,9,11,27,4
