0
Grid:
30,30
.@@......@.............@.@....
..@....@.........@..@@....@@..
...@..@..@@.....@.....@.@.@@..
.........@....@....@.@....@.@@
.....@..@......@@........@...@
...@......@.@.@....@...@....@.
...@@....@........@..@...@.@..
...@@...@@......@.@.@.@@@.....
@.@.....................@...@.
..@.........@@@@.@@......@...@
@......@.@..@@@...............
...............@...@......@...
..@.......@..........@...@....
.........@.@..........@..@....
......@..@@@......@...@@......
.@@...@..........@@..@........
.@............@..@.....@......
.@...@......@......@..........
.@...@.@@..........@.........@
..@..@@@....@..@.@....@.......
@...@.........@.@........@@...
@...@.........@.....@.....@@@.
.....@@.@.@............@.@@@..
..@.@...........@....@....@...
..@....@@.....@..@..@.....@@.@
....@...@.........@.....@.@@.@
..............@..@@.......@...
.................@............
.......@.@...@.@@..@..........
....@.@....@.....@............
Agents:
15
0,15,23,14,3
1,2,23,4,17
2,29,0,6,16
3,23,25,5,13
4,24,23,27,28
5,26,23,23,20
6,0,4,7,27
7,16,0,18,28
8,0,6,27,6
9,15,29,16,7
10,2,0,5,7
11,17,6,9,22
12,15,20,1,13
13,4,24,26,21
14,3,7,18,23
