Solving Problem instance:0 Grid Name:Random Grid #Agents:1, GridCells:27235, #Obstacles:25726
-----------------A*/SIC-----------------
Total cost: 284
Solution depth: 0

Time In milliseconds: 31.2585
Total Expanded Nodes: 284
Total Generated Nodes: 784
Total Reopened Nodes: 0
Num BPMX boosts: 0
Closed list hits: 575
Reopened Nodes With Old H: 0
No Reopen H Updates: 0
Max expansion delay: 0
A*/SIC Quick insertions: 283
A*/SIC Quick insertions cancelled: 86


Number of moves in the final solution: 285
Number of moves in the final solution: 0
|(139,19)|
|(138,19)|
|(137,19)|
|(136,19)|
|(135,19)|
|(134,19)|
|(133,19)|
|(132,19)|
|(131,19)|
|(130,19)|
|(129,19)|
|(128,19)|
|(127,19)|
|(126,19)|
|(125,19)|
|(124,19)|
|(123,19)|
|(122,19)|
|(121,19)|
|(121,20)|
|(121,21)|
|(121,22)|
|(121,23)|
|(121,24)|
|(121,25)|
|(121,26)|
|(121,27)|
|(121,28)|
|(121,29)|
|(121,30)|
|(121,31)|
|(120,31)|
|(120,32)|
|(120,33)|
|(119,33)|
|(119,34)|
|(118,34)|
|(118,35)|
|(118,36)|
|(117,36)|
|(117,37)|
|(116,37)|
|(115,37)|
|(114,37)|
|(113,37)|
|(112,37)|
|(111,37)|
|(110,37)|
|(109,37)|
|(108,37)|
|(107,37)|
|(106,37)|
|(105,37)|
|(104,37)|
|(103,37)|
|(102,37)|
|(101,37)|
|(100,37)|
|(99,37)|
|(98,37)|
|(97,37)|
|(97,38)|
|(97,39)|
|(97,40)|
|(97,41)|
|(97,42)|
|(97,43)|
|(97,44)|
|(97,45)|
|(97,46)|
|(97,47)|
|(97,48)|
|(97,49)|
|(97,50)|
|(97,51)|
|(97,52)|
|(97,53)|
|(97,54)|
|(97,55)|
|(97,56)|
|(97,57)|
|(97,58)|
|(97,59)|
|(97,60)|
|(97,61)|
|(97,62)|
|(97,63)|
|(97,64)|
|(97,65)|
|(97,66)|
|(97,67)|
|(97,68)|
|(97,69)|
|(97,70)|
|(97,71)|
|(97,72)|
|(97,73)|
|(97,74)|
|(97,75)|
|(97,76)|
|(97,77)|
|(97,78)|
|(97,79)|
|(97,80)|
|(97,81)|
|(97,82)|
|(97,83)|
|(97,84)|
|(97,85)|
|(97,86)|
|(97,87)|
|(97,88)|
|(97,89)|
|(97,90)|
|(97,91)|
|(97,92)|
|(97,93)|
|(97,94)|
|(97,95)|
|(97,96)|
|(97,97)|
|(97,98)|
|(97,99)|
|(97,100)|
|(97,101)|
|(97,102)|
|(97,103)|
|(97,104)|
|(97,105)|
|(97,106)|
|(97,107)|
|(97,108)|
|(97,109)|
|(97,110)|
|(97,111)|
|(97,112)|
|(97,113)|
|(97,114)|
|(98,114)|
|(99,114)|
|(100,114)|
|(101,114)|
|(102,114)|<-- the middle of the plan
|(103,114)|
|(104,114)|
|(105,114)|
|(106,114)|
|(107,114)|
|(108,114)|
|(109,114)|
|(110,114)|
|(111,114)|
|(112,114)|
|(113,114)|
|(114,114)|
|(115,114)|
|(116,114)|
|(117,114)|
|(118,114)|
|(119,114)|
|(120,114)|
|(121,114)|
|(122,114)|
|(123,114)|
|(124,114)|
|(125,114)|
|(126,114)|
|(127,114)|
|(128,114)|
|(129,114)|
|(130,114)|
|(131,114)|
|(132,114)|
|(133,114)|
|(134,114)|
|(135,114)|
|(136,114)|
|(137,114)|
|(138,114)|
|(139,114)|
|(140,114)|
|(141,114)|
|(142,114)|
|(143,114)|
|(144,114)|
|(145,114)|
|(146,114)|
|(147,114)|
|(148,114)|
|(149,114)|
|(150,114)|
|(151,114)|
|(152,114)|
|(153,114)|
|(154,114)|
|(155,114)|
|(156,114)|
|(157,114)|
|(158,114)|
|(159,114)|
|(160,114)|
|(161,114)|
|(162,114)|
|(163,114)|
|(164,114)|
|(165,114)|
|(166,114)|
|(167,114)|
|(168,114)|
|(169,114)|
|(170,114)|
|(171,114)|
|(172,114)|
|(173,114)|
|(174,114)|
|(175,114)|
|(176,114)|
|(177,114)|
|(178,114)|
|(179,114)|
|(180,114)|
|(181,114)|
|(182,114)|
|(183,114)|
|(184,114)|
|(185,114)|
|(186,114)|
|(187,114)|
|(188,114)|
|(189,114)|
|(190,114)|
|(191,114)|
|(192,114)|
|(193,114)|
|(194,114)|
|(195,114)|
|(196,114)|
|(197,114)|
|(198,114)|
|(199,114)|
|(200,114)|
|(201,114)|
|(202,114)|
|(203,114)|
|(204,114)|
|(205,114)|
|(206,114)|
|(207,114)|
|(208,114)|
|(209,114)|
|(210,114)|
|(211,114)|
|(212,114)|
|(213,114)|
|(214,114)|
|(215,114)|
|(216,114)|
|(217,114)|
|(218,114)|
|(219,114)|
|(220,114)|
|(221,114)|
|(222,114)|
|(223,114)|
|(224,114)|
|(225,114)|
|(226,114)|
|(227,114)|
|(228,114)|
|(229,114)|
|(230,114)|
|(231,114)|
|(232,114)|
|(233,114)|
|(234,114)|
|(235,114)|
|(236,114)|
|(236,113)|
|(236,112)|
|(236,111)|
|(236,110)|
|(236,109)|
|(236,108)|
|(236,107)|
|(236,106)|
+SUCCESS+ (:

Solving Problem instance:1 Grid Name:Random Grid #Agents:1, GridCells:27235, #Obstacles:25726
-----------------A*/SIC-----------------
Total cost: 224
Solution depth: 0

Time In milliseconds: 1.7047
Total Expanded Nodes: 224
Total Generated Nodes: 615
Total Reopened Nodes: 0
Num BPMX boosts: 0
Closed list hits: 460
Reopened Nodes With Old H: 0
No Reopen H Updates: 0
Max expansion delay: 0
A*/SIC Quick insertions: 223
A*/SIC Quick insertions cancelled: 177


Number of moves in the final solution: 225
Number of moves in the final solution: 0
|(196,152)|
|(195,152)|
|(194,152)|
|(193,152)|
|(192,152)|
|(191,152)|
|(190,152)|
|(189,152)|
|(188,152)|
|(187,152)|
|(186,152)|
|(185,152)|
|(184,152)|
|(183,152)|
|(182,152)|
|(181,152)|
|(180,152)|
|(179,152)|
|(178,152)|
|(177,152)|
|(176,152)|
|(175,152)|
|(174,152)|
|(173,152)|
|(172,152)|
|(171,152)|
|(170,152)|
|(169,152)|
|(168,152)|
|(167,152)|
|(166,152)|
|(165,152)|
|(164,152)|
|(163,152)|
|(162,152)|
|(161,152)|
|(160,152)|
|(159,152)|
|(158,152)|
|(157,152)|
|(156,152)|
|(155,152)|
|(154,152)|
|(153,152)|
|(153,151)|
|(153,150)|
|(153,149)|
|(153,148)|
|(153,147)|
|(152,147)|
|(151,147)|
|(150,147)|
|(149,147)|
|(148,147)|
|(147,147)|
|(146,147)|
|(145,147)|
|(144,147)|
|(143,147)|
|(142,147)|
|(141,147)|
|(140,147)|
|(139,147)|
|(138,147)|
|(137,147)|
|(136,147)|
|(135,147)|
|(134,147)|
|(133,147)|
|(132,147)|
|(131,147)|
|(130,147)|
|(129,147)|
|(128,147)|
|(127,147)|
|(126,147)|
|(125,147)|
|(124,147)|
|(123,147)|
|(122,147)|
|(121,147)|
|(120,147)|
|(119,147)|
|(118,147)|
|(117,147)|
|(116,147)|
|(115,147)|
|(114,147)|
|(113,147)|
|(112,147)|
|(111,147)|
|(110,147)|
|(109,147)|
|(108,147)|
|(107,147)|
|(106,147)|
|(105,147)|
|(104,147)|
|(103,147)|
|(102,147)|
|(101,147)|
|(100,147)|
|(99,147)|
|(98,147)|
|(97,147)|
|(96,147)|
|(95,147)|
|(94,147)|
|(93,147)|
|(92,147)|
|(91,147)|
|(90,147)|
|(89,147)|<-- the middle of the plan
|(88,147)|
|(87,147)|
|(86,147)|
|(85,147)|
|(84,147)|
|(83,147)|
|(82,147)|
|(81,147)|
|(80,147)|
|(79,147)|
|(78,147)|
|(77,147)|
|(76,147)|
|(75,147)|
|(74,147)|
|(73,147)|
|(72,147)|
|(71,147)|
|(70,147)|
|(69,147)|
|(68,147)|
|(67,147)|
|(66,147)|
|(65,147)|
|(64,147)|
|(63,147)|
|(62,147)|
|(61,147)|
|(60,147)|
|(59,147)|
|(58,147)|
|(57,147)|
|(56,147)|
|(55,147)|
|(54,147)|
|(53,147)|
|(52,147)|
|(51,147)|
|(50,147)|
|(49,147)|
|(48,147)|
|(47,147)|
|(46,147)|
|(45,147)|
|(45,146)|
|(45,145)|
|(45,144)|
|(45,143)|
|(45,142)|
|(45,141)|
|(45,140)|
|(45,139)|
|(45,138)|
|(45,137)|
|(45,136)|
|(45,135)|
|(45,134)|
|(45,133)|
|(45,132)|
|(44,132)|
|(43,132)|
|(43,131)|
|(43,130)|
|(42,130)|
|(42,129)|
|(41,129)|
|(41,128)|
|(41,127)|
|(40,127)|
|(40,126)|
|(39,126)|
|(39,125)|
|(38,125)|
|(38,124)|
|(37,124)|
|(36,124)|
|(36,123)|
|(35,123)|
|(34,123)|
|(34,122)|
|(33,122)|
|(33,121)|
|(32,121)|
|(32,120)|
|(31,120)|
|(30,120)|
|(29,120)|
|(28,120)|
|(27,120)|
|(26,120)|
|(25,120)|
|(24,120)|
|(23,120)|
|(22,120)|
|(21,120)|
|(20,120)|
|(19,120)|
|(18,120)|
|(18,119)|
|(18,118)|
|(18,117)|
|(18,116)|
|(18,115)|
|(18,114)|
|(18,113)|
|(18,112)|
|(18,111)|
|(18,110)|
|(18,109)|
|(18,108)|
|(18,107)|
|(18,106)|
+SUCCESS+ (:

Solving Problem instance:2 Grid Name:Random Grid #Agents:1, GridCells:27235, #Obstacles:25726
-----------------A*/SIC-----------------
Total cost: 193
Solution depth: 0

Time In milliseconds: 0.91070000000002
Total Expanded Nodes: 193
Total Generated Nodes: 566
Total Reopened Nodes: 0
Num BPMX boosts: 0
Closed list hits: 389
Reopened Nodes With Old H: 0
No Reopen H Updates: 0
Max expansion delay: 0
A*/SIC Quick insertions: 193
A*/SIC Quick insertions cancelled: 178


Number of moves in the final solution: 194
Number of moves in the final solution: 0
|(56,123)|
|(57,123)|
|(58,123)|
|(59,123)|
|(60,123)|
|(61,123)|
|(62,123)|
|(63,123)|
|(64,123)|
|(65,123)|
|(66,123)|
|(67,123)|
|(68,123)|
|(69,123)|
|(70,123)|
|(71,123)|
|(72,123)|
|(73,123)|
|(74,123)|
|(75,123)|
|(76,123)|
|(77,123)|
|(78,123)|
|(79,123)|
|(80,123)|
|(81,123)|
|(82,123)|
|(83,123)|
|(84,123)|
|(85,123)|
|(86,123)|
|(87,123)|
|(88,123)|
|(89,123)|
|(90,123)|
|(91,123)|
|(92,123)|
|(93,123)|
|(94,123)|
|(95,123)|
|(96,123)|
|(97,123)|
|(98,123)|
|(99,123)|
|(100,123)|
|(101,123)|
|(102,123)|
|(103,123)|
|(104,123)|
|(105,123)|
|(106,123)|
|(107,123)|
|(108,123)|
|(109,123)|
|(110,123)|
|(111,123)|
|(112,123)|
|(113,123)|
|(114,123)|
|(115,123)|
|(116,123)|
|(117,123)|
|(118,123)|
|(119,123)|
|(120,123)|
|(121,123)|
|(122,123)|
|(123,123)|
|(124,123)|
|(125,123)|
|(126,123)|
|(127,123)|
|(128,123)|
|(129,123)|
|(130,123)|
|(131,123)|
|(132,123)|
|(133,123)|
|(134,123)|
|(135,123)|
|(136,123)|
|(137,123)|
|(138,123)|
|(139,123)|
|(140,123)|
|(141,123)|
|(142,123)|
|(143,123)|
|(144,123)|
|(145,123)|
|(146,123)|
|(147,123)|
|(148,123)|
|(149,123)|
|(150,123)|
|(151,123)|
|(152,123)|
|(153,123)|<-- the middle of the plan
|(154,123)|
|(155,123)|
|(156,123)|
|(157,123)|
|(158,123)|
|(159,123)|
|(160,123)|
|(161,123)|
|(162,123)|
|(163,123)|
|(164,123)|
|(165,123)|
|(166,123)|
|(167,123)|
|(168,123)|
|(169,123)|
|(170,123)|
|(171,123)|
|(172,123)|
|(173,123)|
|(174,123)|
|(175,123)|
|(176,123)|
|(177,123)|
|(178,123)|
|(179,123)|
|(180,123)|
|(181,123)|
|(182,123)|
|(183,123)|
|(184,123)|
|(185,123)|
|(186,123)|
|(187,123)|
|(188,123)|
|(189,123)|
|(190,123)|
|(191,123)|
|(192,123)|
|(193,123)|
|(194,123)|
|(195,123)|
|(196,123)|
|(197,123)|
|(198,123)|
|(199,123)|
|(200,123)|
|(201,123)|
|(202,123)|
|(203,123)|
|(204,123)|
|(205,123)|
|(206,123)|
|(207,123)|
|(208,123)|
|(209,123)|
|(210,123)|
|(211,123)|
|(212,123)|
|(213,123)|
|(214,123)|
|(215,123)|
|(216,123)|
|(216,122)|
|(217,122)|
|(218,122)|
|(218,121)|
|(219,121)|
|(219,120)|
|(220,120)|
|(221,120)|
|(222,120)|
|(223,120)|
|(224,120)|
|(225,120)|
|(226,120)|
|(227,120)|
|(228,120)|
|(229,120)|
|(230,120)|
|(231,120)|
|(232,120)|
|(233,120)|
|(234,120)|
|(234,119)|
|(234,118)|
|(234,117)|
|(234,116)|
|(234,115)|
|(234,114)|
|(234,113)|
|(234,112)|
|(234,111)|
|(234,110)|
|(234,109)|
|(234,108)|
+SUCCESS+ (:

Solving Problem instance:3 Grid Name:Random Grid #Agents:1, GridCells:27235, #Obstacles:25726
-----------------A*/SIC-----------------
Total cost: 223
Solution depth: 0

Time In milliseconds: 1.00429999999994
Total Expanded Nodes: 223
Total Generated Nodes: 643
Total Reopened Nodes: 0
Num BPMX boosts: 0
Closed list hits: 453
Reopened Nodes With Old H: 0
No Reopen H Updates: 0
Max expansion delay: 0
A*/SIC Quick insertions: 223
A*/SIC Quick insertions cancelled: 136


Number of moves in the final solution: 224
Number of moves in the final solution: 0
|(65,56)|
|(65,57)|
|(65,58)|
|(65,59)|
|(65,60)|
|(65,61)|
|(65,62)|
|(65,63)|
|(65,64)|
|(65,65)|
|(65,66)|
|(65,67)|
|(65,68)|
|(65,69)|
|(65,70)|
|(65,71)|
|(65,72)|
|(65,73)|
|(65,74)|
|(65,75)|
|(65,76)|
|(65,77)|
|(65,78)|
|(65,79)|
|(65,80)|
|(65,81)|
|(65,82)|
|(65,83)|
|(65,84)|
|(65,85)|
|(65,86)|
|(65,87)|
|(65,88)|
|(65,89)|
|(65,90)|
|(65,91)|
|(65,92)|
|(65,93)|
|(65,94)|
|(65,95)|
|(65,96)|
|(65,97)|
|(65,98)|
|(65,99)|
|(65,100)|
|(65,101)|
|(65,102)|
|(65,103)|
|(65,104)|
|(65,105)|
|(65,106)|
|(65,107)|
|(65,108)|
|(65,109)|
|(65,110)|
|(65,111)|
|(65,112)|
|(65,113)|
|(65,114)|
|(65,115)|
|(65,116)|
|(65,117)|
|(65,118)|
|(65,119)|
|(65,120)|
|(65,121)|
|(65,122)|
|(65,123)|
|(65,124)|
|(65,125)|
|(65,126)|
|(65,127)|
|(65,128)|
|(65,129)|
|(65,130)|
|(65,131)|
|(65,132)|
|(65,133)|
|(65,134)|
|(65,135)|
|(65,136)|
|(65,137)|
|(65,138)|
|(65,139)|
|(65,140)|
|(65,141)|
|(65,142)|
|(65,143)|
|(65,144)|
|(65,145)|
|(65,146)|
|(65,147)|
|(65,148)|
|(65,149)|
|(65,150)|
|(65,151)|
|(65,152)|
|(65,153)|
|(65,154)|
|(65,155)|
|(65,156)|
|(65,157)|
|(65,158)|
|(65,159)|
|(65,160)|
|(65,161)|
|(65,162)|
|(65,163)|
|(65,164)|
|(65,165)|
|(65,166)|
|(65,167)|
|(65,168)|<-- the middle of the plan
|(65,169)|
|(65,170)|
|(66,170)|
|(67,170)|
|(68,170)|
|(69,170)|
|(70,170)|
|(71,170)|
|(72,170)|
|(73,170)|
|(74,170)|
|(75,170)|
|(76,170)|
|(77,170)|
|(78,170)|
|(79,170)|
|(80,170)|
|(81,170)|
|(82,170)|
|(83,170)|
|(84,170)|
|(85,170)|
|(85,171)|
|(86,171)|
|(86,172)|
|(87,172)|
|(87,173)|
|(87,174)|
|(88,174)|
|(88,175)|
|(88,176)|
|(88,177)|
|(89,177)|
|(89,178)|
|(90,178)|
|(90,179)|
|(91,179)|
|(91,180)|
|(91,181)|
|(91,182)|
|(91,183)|
|(91,184)|
|(91,185)|
|(91,186)|
|(91,187)|
|(91,188)|
|(91,189)|
|(91,190)|
|(91,191)|
|(91,192)|
|(92,192)|
|(93,192)|
|(94,192)|
|(95,192)|
|(96,192)|
|(97,192)|
|(98,192)|
|(99,192)|
|(100,192)|
|(101,192)|
|(102,192)|
|(103,192)|
|(104,192)|
|(105,192)|
|(106,192)|
|(107,192)|
|(108,192)|
|(109,192)|
|(110,192)|
|(111,192)|
|(112,192)|
|(113,192)|
|(114,192)|
|(115,192)|
|(116,192)|
|(117,192)|
|(118,192)|
|(119,192)|
|(120,192)|
|(121,192)|
|(122,192)|
|(123,192)|
|(124,192)|
|(125,192)|
|(126,192)|
|(127,192)|
|(128,192)|
|(129,192)|
|(130,192)|
|(131,192)|
|(132,192)|
|(133,192)|
|(134,192)|
|(135,192)|
|(136,192)|
|(137,192)|
|(138,192)|
|(139,192)|
|(140,192)|
|(141,192)|
|(142,192)|
|(143,192)|
|(144,192)|
|(145,192)|
|(146,192)|
|(147,192)|
|(148,192)|
|(149,192)|
|(150,192)|
|(151,192)|
|(152,192)|
+SUCCESS+ (:

Solving Problem instance:4 Grid Name:Random Grid #Agents:1, GridCells:27235, #Obstacles:25726
-----------------A*/SIC-----------------
Total cost: 164
Solution depth: 0

Time In milliseconds: 0.83910000000003
Total Expanded Nodes: 164
Total Generated Nodes: 477
Total Reopened Nodes: 0
Num BPMX boosts: 0
Closed list hits: 329
Reopened Nodes With Old H: 0
No Reopen H Updates: 0
Max expansion delay: 0
A*/SIC Quick insertions: 163
A*/SIC Quick insertions cancelled: 106


Number of moves in the final solution: 165
Number of moves in the final solution: 0
|(189,163)|
|(188,163)|
|(187,163)|
|(186,163)|
|(185,163)|
|(184,163)|
|(183,163)|
|(182,163)|
|(181,163)|
|(180,163)|
|(179,163)|
|(178,163)|
|(177,163)|
|(176,163)|
|(175,163)|
|(174,163)|
|(173,163)|
|(172,163)|
|(171,163)|
|(170,163)|
|(169,163)|
|(168,163)|
|(167,163)|
|(166,163)|
|(165,163)|
|(164,163)|
|(163,163)|
|(162,163)|
|(161,163)|
|(160,163)|
|(159,163)|
|(158,163)|
|(157,163)|
|(156,163)|
|(155,163)|
|(154,163)|
|(153,163)|
|(153,162)|
|(153,161)|
|(153,160)|
|(153,159)|
|(153,158)|
|(153,157)|
|(153,156)|
|(153,155)|
|(153,154)|
|(153,153)|
|(153,152)|
|(153,151)|
|(153,150)|
|(153,149)|
|(153,148)|
|(153,147)|
|(152,147)|
|(151,147)|
|(150,147)|
|(149,147)|
|(148,147)|
|(147,147)|
|(146,147)|
|(145,147)|
|(144,147)|
|(143,147)|
|(142,147)|
|(141,147)|
|(140,147)|
|(139,147)|
|(138,147)|
|(137,147)|
|(136,147)|
|(135,147)|
|(134,147)|
|(133,147)|
|(132,147)|
|(131,147)|
|(130,147)|
|(129,147)|
|(128,147)|
|(127,147)|
|(126,147)|
|(125,147)|
|(124,147)|
|(123,147)|<-- the middle of the plan
|(122,147)|
|(121,147)|
|(120,147)|
|(119,147)|
|(118,147)|
|(117,147)|
|(116,147)|
|(115,147)|
|(114,147)|
|(113,147)|
|(112,147)|
|(111,147)|
|(110,147)|
|(109,147)|
|(108,147)|
|(107,147)|
|(106,147)|
|(105,147)|
|(104,147)|
|(103,147)|
|(102,147)|
|(101,147)|
|(100,147)|
|(99,147)|
|(98,147)|
|(97,147)|
|(96,147)|
|(95,147)|
|(94,147)|
|(93,147)|
|(92,147)|
|(91,147)|
|(90,147)|
|(89,147)|
|(88,147)|
|(87,147)|
|(86,147)|
|(85,147)|
|(84,147)|
|(83,147)|
|(82,147)|
|(82,146)|
|(82,145)|
|(82,144)|
|(82,143)|
|(82,142)|
|(82,141)|
|(82,140)|
|(82,139)|
|(82,138)|
|(82,137)|
|(82,136)|
|(82,135)|
|(82,134)|
|(82,133)|
|(82,132)|
|(82,131)|
|(82,130)|
|(82,129)|
|(82,128)|
|(82,127)|
|(82,126)|
|(82,125)|
|(82,124)|
|(82,123)|
|(82,122)|
|(82,121)|
|(82,120)|
|(82,119)|
|(82,118)|
|(82,117)|
|(82,116)|
|(82,115)|
|(82,114)|
|(82,113)|
|(82,112)|
|(82,111)|
|(82,110)|
|(82,109)|
|(82,108)|
|(82,107)|
|(82,106)|
+SUCCESS+ (:

Solving Problem instance:5 Grid Name:Random Grid #Agents:1, GridCells:27235, #Obstacles:25726
-----------------A*/SIC-----------------
Total cost: 133
Solution depth: 0

Time In milliseconds: 0.915400000000091
Total Expanded Nodes: 133
Total Generated Nodes: 400
Total Reopened Nodes: 0
Num BPMX boosts: 0
Closed list hits: 266
Reopened Nodes With Old H: 0
No Reopen H Updates: 0
Max expansion delay: 0
A*/SIC Quick insertions: 133
A*/SIC Quick insertions cancelled: 41


Number of moves in the final solution: 134
Number of moves in the final solution: 0
|(78,105)|
|(78,106)|
|(78,107)|
|(78,108)|
|(78,109)|
|(78,110)|
|(78,111)|
|(78,112)|
|(78,113)|
|(78,114)|
|(78,115)|
|(78,116)|
|(78,117)|
|(78,118)|
|(78,119)|
|(78,120)|
|(78,121)|
|(78,122)|
|(78,123)|
|(78,124)|
|(78,125)|
|(78,126)|
|(78,127)|
|(78,128)|
|(78,129)|
|(78,130)|
|(78,131)|
|(78,132)|
|(78,133)|
|(78,134)|
|(78,135)|
|(78,136)|
|(78,137)|
|(78,138)|
|(78,139)|
|(78,140)|
|(78,141)|
|(78,142)|
|(78,143)|
|(78,144)|
|(78,145)|
|(78,146)|
|(79,146)|
|(80,146)|
|(81,146)|
|(82,146)|
|(83,146)|
|(84,146)|
|(85,146)|
|(86,146)|
|(87,146)|
|(88,146)|
|(89,146)|
|(90,146)|
|(91,146)|
|(92,146)|
|(93,146)|
|(94,146)|
|(95,146)|
|(96,146)|
|(97,146)|
|(98,146)|
|(99,146)|
|(100,146)|
|(101,146)|
|(102,146)|
|(103,146)|
|(104,146)|<-- the middle of the plan
|(105,146)|
|(106,146)|
|(107,146)|
|(108,146)|
|(109,146)|
|(110,146)|
|(111,146)|
|(112,146)|
|(113,146)|
|(114,146)|
|(115,146)|
|(116,146)|
|(117,146)|
|(118,146)|
|(119,146)|
|(120,146)|
|(121,146)|
|(122,146)|
|(123,146)|
|(124,146)|
|(125,146)|
|(126,146)|
|(127,146)|
|(128,146)|
|(129,146)|
|(130,146)|
|(131,146)|
|(132,146)|
|(133,146)|
|(134,146)|
|(135,146)|
|(136,146)|
|(137,146)|
|(138,146)|
|(139,146)|
|(140,146)|
|(141,146)|
|(142,146)|
|(143,146)|
|(144,146)|
|(145,146)|
|(146,146)|
|(147,146)|
|(148,146)|
|(149,146)|
|(150,146)|
|(151,146)|
|(152,146)|
|(153,146)|
|(154,146)|
|(155,146)|
|(156,146)|
|(157,146)|
|(158,146)|
|(159,146)|
|(160,146)|
|(161,146)|
|(162,146)|
|(163,146)|
|(164,146)|
|(165,146)|
|(166,146)|
|(167,146)|
|(168,146)|
|(169,146)|
|(170,146)|
+SUCCESS+ (:

#################################################
Here are the new caculated middle positions from the separeted single agents solutions:
|(102,114)|(89,147)|(153,123)|(65,168)|(123,147)|(104,146)|
Great, you executed the automated middle positions algorithm!
Solving Problem instance:0 Grid Name:Random Grid #Agents:6, GridCells:27235, #Obstacles:25726
-----------------A*/SIC-----------------
Total cost: 1221
Solution depth: 0

Time In milliseconds: 830828.5397
Total Expanded Nodes: 284
Total Generated Nodes: 3529906
Total Reopened Nodes: 0
Num BPMX boosts: 0
Closed list hits: 430095
Reopened Nodes With Old H: 0
No Reopen H Updates: 0
Max expansion delay: 0
A*/SIC Quick insertions: 284
A*/SIC Quick insertions cancelled: 3540


Number of moves in the final solution: 285
Number of moves in the final solution: 0
|(139,19)|(196,152)|(56,123)|(65,56)|(189,163)|(78,105)|
|(138,19)|(195,152)|(57,123)|(65,57)|(188,163)|(78,106)|
|(137,19)|(194,152)|(58,123)|(65,58)|(187,163)|(78,107)|
|(136,19)|(193,152)|(59,123)|(65,59)|(186,163)|(78,108)|
|(135,19)|(192,152)|(60,123)|(65,60)|(185,163)|(78,109)|
|(134,19)|(191,152)|(61,123)|(65,61)|(184,163)|(78,110)|
|(133,19)|(190,152)|(62,123)|(65,62)|(183,163)|(78,111)|
|(132,19)|(189,152)|(63,123)|(65,63)|(182,163)|(78,112)|
|(131,19)|(188,152)|(64,123)|(65,64)|(181,163)|(78,113)|
|(130,19)|(187,152)|(65,123)|(65,65)|(180,163)|(78,114)|
|(129,19)|(186,152)|(66,123)|(65,66)|(179,163)|(78,115)|
|(128,19)|(185,152)|(67,123)|(65,67)|(178,163)|(78,116)|
|(127,19)|(184,152)|(68,123)|(65,68)|(177,163)|(78,117)|
|(126,19)|(183,152)|(69,123)|(65,69)|(176,163)|(78,118)|
|(125,19)|(182,152)|(70,123)|(65,70)|(175,163)|(78,119)|
|(124,19)|(181,152)|(71,123)|(65,71)|(174,163)|(78,120)|
|(123,19)|(180,152)|(72,123)|(65,72)|(173,163)|(78,121)|
|(122,19)|(179,152)|(73,123)|(65,73)|(172,163)|(78,122)|
|(121,19)|(178,152)|(74,123)|(65,74)|(171,163)|(78,123)|
|(121,20)|(177,152)|(75,123)|(65,75)|(170,163)|(78,124)|
|(121,21)|(176,152)|(76,123)|(65,76)|(169,163)|(78,125)|
|(121,22)|(175,152)|(77,123)|(65,77)|(168,163)|(78,126)|
|(121,23)|(174,152)|(78,123)|(65,78)|(167,163)|(78,127)|
|(121,24)|(173,152)|(79,123)|(65,79)|(166,163)|(78,128)|
|(121,25)|(172,152)|(80,123)|(65,80)|(165,163)|(78,129)|
|(121,26)|(171,152)|(81,123)|(65,81)|(164,163)|(78,130)|
|(121,27)|(170,152)|(82,123)|(65,82)|(163,163)|(78,131)|
|(121,28)|(169,152)|(83,123)|(65,83)|(162,163)|(78,132)|
|(121,29)|(168,152)|(84,123)|(65,84)|(161,163)|(78,133)|
|(121,30)|(167,152)|(85,123)|(65,85)|(160,163)|(78,134)|
|(121,31)|(166,152)|(86,123)|(65,86)|(159,163)|(78,135)|
|(120,31)|(165,152)|(87,123)|(65,87)|(158,163)|(78,136)|
|(120,32)|(164,152)|(88,123)|(65,88)|(157,163)|(78,137)|
|(120,33)|(163,152)|(89,123)|(65,89)|(156,163)|(78,138)|
|(119,33)|(162,152)|(90,123)|(65,90)|(155,163)|(78,139)|
|(119,34)|(161,152)|(91,123)|(65,91)|(154,163)|(78,140)|
|(118,34)|(160,152)|(92,123)|(65,92)|(153,163)|(78,141)|
|(118,35)|(159,152)|(93,123)|(65,93)|(153,162)|(78,142)|
|(118,36)|(158,152)|(94,123)|(65,94)|(153,161)|(78,143)|
|(117,36)|(157,152)|(95,123)|(65,95)|(153,160)|(78,144)|
|(117,37)|(156,152)|(96,123)|(65,96)|(153,159)|(78,145)|
|(116,37)|(155,152)|(97,123)|(65,97)|(153,158)|(78,146)|
|(115,37)|(154,152)|(98,123)|(65,98)|(153,157)|(79,146)|
|(114,37)|(153,152)|(99,123)|(65,99)|(153,156)|(80,146)|
|(113,37)|(153,151)|(100,123)|(65,100)|(153,155)|(81,146)|
|(112,37)|(153,150)|(101,123)|(65,101)|(153,154)|(82,146)|
|(111,37)|(153,149)|(102,123)|(65,102)|(153,153)|(83,146)|
|(110,37)|(153,148)|(103,123)|(65,103)|(153,152)|(84,146)|
|(109,37)|(153,147)|(104,123)|(65,104)|(153,151)|(85,146)|
|(108,37)|(152,147)|(105,123)|(65,105)|(153,150)|(86,146)|
|(107,37)|(151,147)|(106,123)|(65,106)|(153,149)|(87,146)|
|(106,37)|(150,147)|(107,123)|(65,107)|(153,148)|(88,146)|
|(105,37)|(149,147)|(108,123)|(65,108)|(153,147)|(89,146)|
|(104,37)|(148,147)|(109,123)|(65,109)|(152,147)|(90,146)|
|(103,37)|(147,147)|(110,123)|(65,110)|(151,147)|(91,146)|
|(102,37)|(146,147)|(111,123)|(65,111)|(150,147)|(92,146)|
|(101,37)|(145,147)|(112,123)|(65,112)|(149,147)|(93,146)|
|(100,37)|(144,147)|(113,123)|(65,113)|(148,147)|(94,146)|
|(99,37)|(143,147)|(114,123)|(65,114)|(147,147)|(95,146)|
|(98,37)|(142,147)|(115,123)|(65,115)|(146,147)|(96,146)|
|(97,37)|(141,147)|(116,123)|(65,116)|(145,147)|(97,146)|
|(97,38)|(140,147)|(117,123)|(65,117)|(144,147)|(98,146)|
|(97,39)|(139,147)|(118,123)|(65,118)|(143,147)|(99,146)|
|(97,40)|(138,147)|(119,123)|(65,119)|(142,147)|(100,146)|
|(97,41)|(137,147)|(120,123)|(65,120)|(141,147)|(101,146)|
|(97,42)|(136,147)|(121,123)|(65,121)|(140,147)|(102,146)|
|(97,43)|(135,147)|(122,123)|(65,122)|(139,147)|(103,146)|
|(97,44)|(134,147)|(123,123)|(65,123)|(138,147)|(104,146)|
|(97,45)|(133,147)|(124,123)|(65,124)|(137,147)|(105,146)|
|(97,46)|(132,147)|(125,123)|(65,125)|(136,147)|(106,146)|
|(97,47)|(131,147)|(126,123)|(65,126)|(135,147)|(107,146)|
|(97,48)|(130,147)|(127,123)|(65,127)|(134,147)|(108,146)|
|(97,49)|(129,147)|(128,123)|(65,128)|(133,147)|(109,146)|
|(97,50)|(128,147)|(129,123)|(65,129)|(132,147)|(110,146)|
|(97,51)|(127,147)|(130,123)|(65,130)|(131,147)|(111,146)|
|(97,52)|(126,147)|(131,123)|(65,131)|(130,147)|(112,146)|
|(97,53)|(125,147)|(132,123)|(65,132)|(129,147)|(113,146)|
|(97,54)|(124,147)|(133,123)|(65,133)|(128,147)|(114,146)|
|(97,55)|(123,147)|(134,123)|(65,134)|(127,147)|(115,146)|
|(97,56)|(122,147)|(135,123)|(65,135)|(126,147)|(116,146)|
|(97,57)|(121,147)|(136,123)|(65,136)|(125,147)|(117,146)|
|(97,58)|(120,147)|(137,123)|(65,137)|(124,147)|(118,146)|
|(97,59)|(119,147)|(138,123)|(65,138)|(123,147)|(119,146)|
|(97,60)|(118,147)|(139,123)|(65,139)|(122,147)|(120,146)|
|(97,61)|(117,147)|(140,123)|(65,140)|(121,147)|(121,146)|
|(97,62)|(116,147)|(141,123)|(65,141)|(120,147)|(122,146)|
|(97,63)|(115,147)|(142,123)|(65,142)|(119,147)|(123,146)|
|(97,64)|(114,147)|(143,123)|(65,143)|(118,147)|(124,146)|
|(97,65)|(113,147)|(144,123)|(65,144)|(117,147)|(125,146)|
|(97,66)|(112,147)|(145,123)|(65,145)|(116,147)|(126,146)|
|(97,67)|(111,147)|(146,123)|(65,146)|(115,147)|(127,146)|
|(97,68)|(110,147)|(147,123)|(65,147)|(114,147)|(128,146)|
|(97,69)|(109,147)|(148,123)|(65,148)|(113,147)|(129,146)|
|(97,70)|(108,147)|(149,123)|(65,149)|(112,147)|(130,146)|
|(97,71)|(107,147)|(150,123)|(65,150)|(111,147)|(131,146)|
|(97,72)|(106,147)|(151,123)|(65,151)|(110,147)|(132,146)|
|(97,73)|(105,147)|(152,123)|(65,152)|(109,147)|(133,146)|
|(97,74)|(104,147)|(153,123)|(65,153)|(108,147)|(134,146)|
|(97,75)|(103,147)|(154,123)|(65,154)|(107,147)|(135,146)|
|(97,76)|(102,147)|(155,123)|(65,155)|(106,147)|(136,146)|
|(97,77)|(101,147)|(156,123)|(65,156)|(105,147)|(137,146)|
|(97,78)|(100,147)|(157,123)|(65,157)|(104,147)|(138,146)|
|(97,79)|(99,147)|(158,123)|(65,158)|(103,147)|(139,146)|
|(97,80)|(98,147)|(159,123)|(65,159)|(102,147)|(140,146)|
|(97,81)|(97,147)|(160,123)|(65,160)|(101,147)|(141,146)|
|(97,82)|(96,147)|(161,123)|(65,161)|(100,147)|(142,146)|
|(97,83)|(95,147)|(162,123)|(65,162)|(99,147)|(143,146)|
|(97,84)|(94,147)|(163,123)|(65,163)|(98,147)|(144,146)|
|(97,85)|(93,147)|(164,123)|(65,164)|(97,147)|(145,146)|
|(97,86)|(92,147)|(165,123)|(65,165)|(96,147)|(146,146)|
|(97,87)|(91,147)|(166,123)|(65,166)|(95,147)|(147,146)|
|(97,88)|(90,147)|(167,123)|(65,167)|(94,147)|(148,146)|
|(97,89)|(89,147)|(168,123)|(65,168)|(93,147)|(149,146)|
|(97,90)|(88,147)|(169,123)|(65,169)|(92,147)|(150,146)|
|(97,91)|(87,147)|(170,123)|(65,170)|(91,147)|(151,146)|
|(97,92)|(86,147)|(171,123)|(66,170)|(90,147)|(152,146)|
|(97,93)|(85,147)|(172,123)|(67,170)|(89,147)|(153,146)|
|(97,94)|(84,147)|(173,123)|(68,170)|(88,147)|(154,146)|
|(97,95)|(83,147)|(174,123)|(69,170)|(87,147)|(155,146)|
|(97,96)|(82,147)|(175,123)|(70,170)|(86,147)|(156,146)|
|(97,97)|(81,147)|(176,123)|(71,170)|(85,147)|(157,146)|
|(97,98)|(80,147)|(177,123)|(72,170)|(84,147)|(158,146)|
|(97,99)|(79,147)|(178,123)|(73,170)|(83,147)|(159,146)|
|(97,100)|(78,147)|(179,123)|(74,170)|(82,147)|(160,146)|
|(97,101)|(77,147)|(180,123)|(75,170)|(82,146)|(161,146)|
|(97,102)|(76,147)|(181,123)|(76,170)|(82,145)|(162,146)|
|(97,103)|(75,147)|(182,123)|(77,170)|(82,144)|(163,146)|
|(97,104)|(74,147)|(183,123)|(78,170)|(82,143)|(164,146)|
|(97,105)|(73,147)|(184,123)|(79,170)|(82,142)|(165,146)|
|(97,106)|(72,147)|(185,123)|(80,170)|(82,141)|(166,146)|
|(97,107)|(71,147)|(186,123)|(81,170)|(82,140)|(167,146)|
|(97,108)|(70,147)|(187,123)|(82,170)|(82,139)|(168,146)|
|(97,109)|(69,147)|(188,123)|(83,170)|(82,138)|(169,146)|
|(97,110)|(68,147)|(189,123)|(84,170)|(82,137)|(170,146)|
|(97,111)|(67,147)|(190,123)|(85,170)|(82,136)|(170,146)|
|(97,112)|(66,147)|(191,123)|(85,171)|(82,135)|(170,146)|
|(97,113)|(65,147)|(192,123)|(86,171)|(82,134)|(170,146)|
|(97,114)|(64,147)|(193,123)|(86,172)|(82,133)|(170,146)|
|(98,114)|(63,147)|(194,123)|(87,172)|(82,132)|(170,146)|
|(99,114)|(62,147)|(195,123)|(87,173)|(82,131)|(170,146)|
|(100,114)|(61,147)|(196,123)|(87,174)|(82,130)|(170,146)|
|(101,114)|(60,147)|(197,123)|(88,174)|(82,129)|(170,146)|
|(102,114)|(59,147)|(198,123)|(88,175)|(82,128)|(170,146)|<-- the middle of the plan
|(103,114)|(58,147)|(199,123)|(88,176)|(82,127)|(170,146)|
|(104,114)|(57,147)|(200,123)|(88,177)|(82,126)|(170,146)|
|(105,114)|(56,147)|(201,123)|(89,177)|(82,125)|(170,146)|
|(106,114)|(55,147)|(202,123)|(89,178)|(82,124)|(170,146)|
|(107,114)|(54,147)|(203,123)|(90,178)|(82,123)|(170,146)|
|(108,114)|(53,147)|(204,123)|(90,179)|(82,122)|(170,146)|
|(109,114)|(52,147)|(205,123)|(91,179)|(82,121)|(170,146)|
|(110,114)|(51,147)|(206,123)|(91,180)|(82,120)|(170,146)|
|(111,114)|(50,147)|(207,123)|(91,181)|(82,119)|(170,146)|
|(112,114)|(49,147)|(208,123)|(91,182)|(82,118)|(170,146)|
|(113,114)|(48,147)|(209,123)|(91,183)|(82,117)|(170,146)|
|(114,114)|(47,147)|(210,123)|(91,184)|(82,116)|(170,146)|
|(115,114)|(46,147)|(211,123)|(91,185)|(82,115)|(170,146)|
|(116,114)|(45,147)|(212,123)|(91,186)|(82,114)|(170,146)|
|(117,114)|(45,146)|(213,123)|(91,187)|(82,113)|(170,146)|
|(118,114)|(45,145)|(214,123)|(91,188)|(82,112)|(170,146)|
|(119,114)|(45,144)|(215,123)|(91,189)|(82,111)|(170,146)|
|(120,114)|(45,143)|(216,123)|(91,190)|(82,110)|(170,146)|
|(121,114)|(45,142)|(216,122)|(91,191)|(82,109)|(170,146)|
|(122,114)|(45,141)|(217,122)|(91,192)|(82,108)|(170,146)|
|(123,114)|(45,140)|(218,122)|(92,192)|(82,107)|(170,146)|
|(124,114)|(45,139)|(218,121)|(93,192)|(82,106)|(170,146)|
|(125,114)|(45,138)|(219,121)|(94,192)|(82,106)|(170,146)|
|(126,114)|(45,137)|(219,120)|(95,192)|(82,106)|(170,146)|
|(127,114)|(45,136)|(220,120)|(96,192)|(82,106)|(170,146)|
|(128,114)|(45,135)|(221,120)|(97,192)|(82,106)|(170,146)|
|(129,114)|(45,134)|(222,120)|(98,192)|(82,106)|(170,146)|
|(130,114)|(45,133)|(223,120)|(99,192)|(82,106)|(170,146)|
|(131,114)|(45,132)|(224,120)|(100,192)|(82,106)|(170,146)|
|(132,114)|(44,132)|(225,120)|(101,192)|(82,106)|(170,146)|
|(133,114)|(43,132)|(226,120)|(102,192)|(82,106)|(170,146)|
|(134,114)|(43,131)|(227,120)|(103,192)|(82,106)|(170,146)|
|(135,114)|(43,130)|(228,120)|(104,192)|(82,106)|(170,146)|
|(136,114)|(42,130)|(229,120)|(105,192)|(82,106)|(170,146)|
|(137,114)|(42,129)|(230,120)|(106,192)|(82,106)|(170,146)|
|(138,114)|(41,129)|(231,120)|(107,192)|(82,106)|(170,146)|
|(139,114)|(41,128)|(232,120)|(108,192)|(82,106)|(170,146)|
|(140,114)|(41,127)|(233,120)|(109,192)|(82,106)|(170,146)|
|(141,114)|(40,127)|(234,120)|(110,192)|(82,106)|(170,146)|
|(142,114)|(40,126)|(234,119)|(111,192)|(82,106)|(170,146)|
|(143,114)|(39,126)|(234,118)|(112,192)|(82,106)|(170,146)|
|(144,114)|(39,125)|(234,117)|(113,192)|(82,106)|(170,146)|
|(145,114)|(38,125)|(234,116)|(114,192)|(82,106)|(170,146)|
|(146,114)|(38,124)|(234,115)|(115,192)|(82,106)|(170,146)|
|(147,114)|(37,124)|(234,114)|(116,192)|(82,106)|(170,146)|
|(148,114)|(36,124)|(234,113)|(117,192)|(82,106)|(170,146)|
|(149,114)|(36,123)|(234,112)|(118,192)|(82,106)|(170,146)|
|(150,114)|(35,123)|(234,111)|(119,192)|(82,106)|(170,146)|
|(151,114)|(34,123)|(234,110)|(120,192)|(82,106)|(170,146)|
|(152,114)|(34,122)|(234,109)|(121,192)|(82,106)|(170,146)|
|(153,114)|(33,122)|(234,108)|(122,192)|(82,106)|(170,146)|
|(154,114)|(33,121)|(234,108)|(123,192)|(82,106)|(170,146)|
|(155,114)|(32,121)|(234,108)|(124,192)|(82,106)|(170,146)|
|(156,114)|(32,120)|(234,108)|(125,192)|(82,106)|(170,146)|
|(157,114)|(31,120)|(234,108)|(126,192)|(82,106)|(170,146)|
|(158,114)|(30,120)|(234,108)|(127,192)|(82,106)|(170,146)|
|(159,114)|(29,120)|(234,108)|(128,192)|(82,106)|(170,146)|
|(160,114)|(28,120)|(234,108)|(129,192)|(82,106)|(170,146)|
|(161,114)|(27,120)|(234,108)|(130,192)|(82,106)|(170,146)|
|(162,114)|(26,120)|(234,108)|(131,192)|(82,106)|(170,146)|
|(163,114)|(25,120)|(234,108)|(132,192)|(82,106)|(170,146)|
|(164,114)|(24,120)|(234,108)|(133,192)|(82,106)|(170,146)|
|(165,114)|(23,120)|(234,108)|(134,192)|(82,106)|(170,146)|
|(166,114)|(22,120)|(234,108)|(135,192)|(82,106)|(170,146)|
|(167,114)|(21,120)|(234,108)|(136,192)|(82,106)|(170,146)|
|(168,114)|(20,120)|(234,108)|(137,192)|(82,106)|(170,146)|
|(169,114)|(19,120)|(234,108)|(138,192)|(82,106)|(170,146)|
|(170,114)|(18,120)|(234,108)|(139,192)|(82,106)|(170,146)|
|(171,114)|(18,119)|(234,108)|(140,192)|(82,106)|(170,146)|
|(172,114)|(18,118)|(234,108)|(141,192)|(82,106)|(170,146)|
|(173,114)|(18,117)|(234,108)|(142,192)|(82,106)|(170,146)|
|(174,114)|(18,116)|(234,108)|(143,192)|(82,106)|(170,146)|
|(175,114)|(18,115)|(234,108)|(144,192)|(82,106)|(170,146)|
|(176,114)|(18,114)|(234,108)|(145,192)|(82,106)|(170,146)|
|(177,114)|(18,113)|(234,108)|(146,192)|(82,106)|(170,146)|
|(178,114)|(18,112)|(234,108)|(147,192)|(82,106)|(170,146)|
|(179,114)|(18,111)|(234,108)|(148,192)|(82,106)|(170,146)|
|(180,114)|(18,110)|(234,108)|(149,192)|(82,106)|(170,146)|
|(181,114)|(18,109)|(234,108)|(150,192)|(82,106)|(170,146)|
|(182,114)|(18,108)|(234,108)|(151,192)|(82,106)|(170,146)|
|(183,114)|(18,107)|(234,108)|(152,192)|(82,106)|(170,146)|
|(184,114)|(18,106)|(234,108)|(152,192)|(82,106)|(170,146)|
|(185,114)|(18,106)|(234,108)|(152,192)|(82,106)|(170,146)|
|(186,114)|(18,106)|(234,108)|(152,192)|(82,106)|(170,146)|
|(187,114)|(18,106)|(234,108)|(152,192)|(82,106)|(170,146)|
|(188,114)|(18,106)|(234,108)|(152,192)|(82,106)|(170,146)|
|(189,114)|(18,106)|(234,108)|(152,192)|(82,106)|(170,146)|
|(190,114)|(18,106)|(234,108)|(152,192)|(82,106)|(170,146)|
|(191,114)|(18,106)|(234,108)|(152,192)|(82,106)|(170,146)|
|(192,114)|(18,106)|(234,108)|(152,192)|(82,106)|(170,146)|
|(193,114)|(18,106)|(234,108)|(152,192)|(82,106)|(170,146)|
|(194,114)|(18,106)|(234,108)|(152,192)|(82,106)|(170,146)|
|(195,114)|(18,106)|(234,108)|(152,192)|(82,106)|(170,146)|
|(196,114)|(18,106)|(234,108)|(152,192)|(82,106)|(170,146)|
|(197,114)|(18,106)|(234,108)|(152,192)|(82,106)|(170,146)|
|(198,114)|(18,106)|(234,108)|(152,192)|(82,106)|(170,146)|
|(199,114)|(18,106)|(234,108)|(152,192)|(82,106)|(170,146)|
|(200,114)|(18,106)|(234,108)|(152,192)|(82,106)|(170,146)|
|(201,114)|(18,106)|(234,108)|(152,192)|(82,106)|(170,146)|
|(202,114)|(18,106)|(234,108)|(152,192)|(82,106)|(170,146)|
|(203,114)|(18,106)|(234,108)|(152,192)|(82,106)|(170,146)|
|(204,114)|(18,106)|(234,108)|(152,192)|(82,106)|(170,146)|
|(205,114)|(18,106)|(234,108)|(152,192)|(82,106)|(170,146)|
|(206,114)|(18,106)|(234,108)|(152,192)|(82,106)|(170,146)|
|(207,114)|(18,106)|(234,108)|(152,192)|(82,106)|(170,146)|
|(208,114)|(18,106)|(234,108)|(152,192)|(82,106)|(170,146)|
|(209,114)|(18,106)|(234,108)|(152,192)|(82,106)|(170,146)|
|(210,114)|(18,106)|(234,108)|(152,192)|(82,106)|(170,146)|
|(211,114)|(18,106)|(234,108)|(152,192)|(82,106)|(170,146)|
|(212,114)|(18,106)|(234,108)|(152,192)|(82,106)|(170,146)|
|(213,114)|(18,106)|(234,108)|(152,192)|(82,106)|(170,146)|
|(214,114)|(18,106)|(234,108)|(152,192)|(82,106)|(170,146)|
|(215,114)|(18,106)|(234,108)|(152,192)|(82,106)|(170,146)|
|(216,114)|(18,106)|(234,108)|(152,192)|(82,106)|(170,146)|
|(217,114)|(18,106)|(234,108)|(152,192)|(82,106)|(170,146)|
|(218,114)|(18,106)|(234,108)|(152,192)|(82,106)|(170,146)|
|(219,114)|(18,106)|(234,108)|(152,192)|(82,106)|(170,146)|
|(220,114)|(18,106)|(234,108)|(152,192)|(82,106)|(170,146)|
|(221,114)|(18,106)|(234,108)|(152,192)|(82,106)|(170,146)|
|(222,114)|(18,106)|(234,108)|(152,192)|(82,106)|(170,146)|
|(223,114)|(18,106)|(234,108)|(152,192)|(82,106)|(170,146)|
|(224,114)|(18,106)|(234,108)|(152,192)|(82,106)|(170,146)|
|(225,114)|(18,106)|(234,108)|(152,192)|(82,106)|(170,146)|
|(226,114)|(18,106)|(234,108)|(152,192)|(82,106)|(170,146)|
|(227,114)|(18,106)|(234,108)|(152,192)|(82,106)|(170,146)|
|(228,114)|(18,106)|(234,108)|(152,192)|(82,106)|(170,146)|
|(229,114)|(18,106)|(234,108)|(152,192)|(82,106)|(170,146)|
|(230,114)|(18,106)|(234,108)|(152,192)|(82,106)|(170,146)|
|(231,114)|(18,106)|(234,108)|(152,192)|(82,106)|(170,146)|
|(232,114)|(18,106)|(234,108)|(152,192)|(82,106)|(170,146)|
|(233,114)|(18,106)|(234,108)|(152,192)|(82,106)|(170,146)|
|(234,114)|(18,106)|(234,108)|(152,192)|(82,106)|(170,146)|
|(235,114)|(18,106)|(234,108)|(152,192)|(82,106)|(170,146)|
|(236,114)|(18,106)|(234,108)|(152,192)|(82,106)|(170,146)|
|(236,113)|(18,106)|(234,108)|(152,192)|(82,106)|(170,146)|
|(236,112)|(18,106)|(234,108)|(152,192)|(82,106)|(170,146)|
|(236,111)|(18,106)|(234,108)|(152,192)|(82,106)|(170,146)|
|(236,110)|(18,106)|(234,108)|(152,192)|(82,106)|(170,146)|
|(236,109)|(18,106)|(234,108)|(152,192)|(82,106)|(170,146)|
|(236,108)|(18,106)|(234,108)|(152,192)|(82,106)|(170,146)|
|(236,107)|(18,106)|(234,108)|(152,192)|(82,106)|(170,146)|
|(236,106)|(18,106)|(234,108)|(152,192)|(82,106)|(170,146)|
+SUCCESS+ (:

-----------> Finished the regular A*star solution <-----------

The middle stage of the plan from full Astar on all the agents together:
|(102,114)|(59,147)|(198,123)|(88,175)|(82,128)|(170,146)|
Here are the new caculated middle positions from the separeted single agents solutions:
Middle position for agent 0: 102,114
Middle position for agent 1: 89,147
Middle position for agent 2: 153,123
Middle position for agent 3: 65,168
Middle position for agent 4: 123,147
Middle position for agent 5: 104,146

Solving Problem instance:7 Grid Name:Random Grid #Agents:6, GridCells:27235, #Obstacles:25726
-----------------A*/SIC-----------------
Total cost: 612
Solution depth: 0

Time In milliseconds: 191354.7206
Total Expanded Nodes: 142
Total Generated Nodes: 1836817
Total Reopened Nodes: 0
Num BPMX boosts: 0
Closed list hits: 211934
Reopened Nodes With Old H: 0
No Reopen H Updates: 0
Max expansion delay: 0
A*/SIC Quick insertions: 142
A*/SIC Quick insertions cancelled: 526


Number of moves in the final solution: 143
Number of moves in the final solution: 0
|(139,19)|(196,152)|(56,123)|(65,56)|(189,163)|(78,105)|
|(138,19)|(195,152)|(57,123)|(65,57)|(188,163)|(78,106)|
|(137,19)|(194,152)|(58,123)|(65,58)|(187,163)|(78,107)|
|(136,19)|(193,152)|(59,123)|(65,59)|(186,163)|(78,108)|
|(135,19)|(192,152)|(60,123)|(65,60)|(185,163)|(78,109)|
|(134,19)|(191,152)|(61,123)|(65,61)|(184,163)|(78,110)|
|(133,19)|(190,152)|(62,123)|(65,62)|(183,163)|(78,111)|
|(132,19)|(189,152)|(63,123)|(65,63)|(182,163)|(78,112)|
|(131,19)|(188,152)|(64,123)|(65,64)|(181,163)|(78,113)|
|(130,19)|(187,152)|(65,123)|(65,65)|(180,163)|(78,114)|
|(129,19)|(186,152)|(66,123)|(65,66)|(179,163)|(78,115)|
|(128,19)|(185,152)|(67,123)|(65,67)|(178,163)|(78,116)|
|(127,19)|(184,152)|(68,123)|(65,68)|(177,163)|(78,117)|
|(126,19)|(183,152)|(69,123)|(65,69)|(176,163)|(78,118)|
|(125,19)|(182,152)|(70,123)|(65,70)|(175,163)|(78,119)|
|(124,19)|(181,152)|(71,123)|(65,71)|(174,163)|(78,120)|
|(123,19)|(180,152)|(72,123)|(65,72)|(173,163)|(78,121)|
|(122,19)|(179,152)|(73,123)|(65,73)|(172,163)|(78,122)|
|(121,19)|(178,152)|(74,123)|(65,74)|(171,163)|(78,123)|
|(121,20)|(177,152)|(75,123)|(65,75)|(170,163)|(78,124)|
|(121,21)|(176,152)|(76,123)|(65,76)|(169,163)|(78,125)|
|(121,22)|(175,152)|(77,123)|(65,77)|(168,163)|(78,126)|
|(121,23)|(174,152)|(78,123)|(65,78)|(167,163)|(78,127)|
|(121,24)|(173,152)|(79,123)|(65,79)|(166,163)|(78,128)|
|(121,25)|(172,152)|(80,123)|(65,80)|(165,163)|(78,129)|
|(121,26)|(171,152)|(81,123)|(65,81)|(164,163)|(78,130)|
|(121,27)|(170,152)|(82,123)|(65,82)|(163,163)|(78,131)|
|(121,28)|(169,152)|(83,123)|(65,83)|(162,163)|(78,132)|
|(121,29)|(168,152)|(84,123)|(65,84)|(161,163)|(78,133)|
|(121,30)|(167,152)|(85,123)|(65,85)|(160,163)|(78,134)|
|(121,31)|(166,152)|(86,123)|(65,86)|(159,163)|(78,135)|
|(120,31)|(165,152)|(87,123)|(65,87)|(158,163)|(78,136)|
|(120,32)|(164,152)|(88,123)|(65,88)|(157,163)|(78,137)|
|(120,33)|(163,152)|(89,123)|(65,89)|(156,163)|(78,138)|
|(119,33)|(162,152)|(90,123)|(65,90)|(155,163)|(78,139)|
|(119,34)|(161,152)|(91,123)|(65,91)|(154,163)|(78,140)|
|(118,34)|(160,152)|(92,123)|(65,92)|(153,163)|(78,141)|
|(118,35)|(159,152)|(93,123)|(65,93)|(153,162)|(78,142)|
|(118,36)|(158,152)|(94,123)|(65,94)|(153,161)|(78,143)|
|(117,36)|(157,152)|(95,123)|(65,95)|(153,160)|(78,144)|
|(117,37)|(156,152)|(96,123)|(65,96)|(153,159)|(78,145)|
|(116,37)|(155,152)|(97,123)|(65,97)|(153,158)|(78,146)|
|(115,37)|(154,152)|(98,123)|(65,98)|(153,157)|(79,146)|
|(114,37)|(153,152)|(99,123)|(65,99)|(153,156)|(80,146)|
|(113,37)|(153,151)|(100,123)|(65,100)|(153,155)|(81,146)|
|(112,37)|(153,150)|(101,123)|(65,101)|(153,154)|(82,146)|
|(111,37)|(153,149)|(102,123)|(65,102)|(153,153)|(83,146)|
|(110,37)|(153,148)|(103,123)|(65,103)|(153,152)|(84,146)|
|(109,37)|(153,147)|(104,123)|(65,104)|(153,151)|(85,146)|
|(108,37)|(152,147)|(105,123)|(65,105)|(153,150)|(86,146)|
|(107,37)|(151,147)|(106,123)|(65,106)|(153,149)|(87,146)|
|(106,37)|(150,147)|(107,123)|(65,107)|(153,148)|(88,146)|
|(105,37)|(149,147)|(108,123)|(65,108)|(153,147)|(89,146)|
|(104,37)|(148,147)|(109,123)|(65,109)|(152,147)|(90,146)|
|(103,37)|(147,147)|(110,123)|(65,110)|(151,147)|(91,146)|
|(102,37)|(146,147)|(111,123)|(65,111)|(150,147)|(92,146)|
|(101,37)|(145,147)|(112,123)|(65,112)|(149,147)|(93,146)|
|(100,37)|(144,147)|(113,123)|(65,113)|(148,147)|(94,146)|
|(99,37)|(143,147)|(114,123)|(65,114)|(147,147)|(95,146)|
|(98,37)|(142,147)|(115,123)|(65,115)|(146,147)|(96,146)|
|(97,37)|(141,147)|(116,123)|(65,116)|(145,147)|(97,146)|
|(97,38)|(140,147)|(117,123)|(65,117)|(144,147)|(98,146)|
|(97,39)|(139,147)|(118,123)|(65,118)|(143,147)|(99,146)|
|(97,40)|(138,147)|(119,123)|(65,119)|(142,147)|(100,146)|
|(97,41)|(137,147)|(120,123)|(65,120)|(141,147)|(101,146)|
|(97,42)|(136,147)|(121,123)|(65,121)|(140,147)|(102,146)|
|(97,43)|(135,147)|(122,123)|(65,122)|(139,147)|(103,146)|
|(97,44)|(134,147)|(123,123)|(65,123)|(138,147)|(104,146)|
|(97,45)|(133,147)|(124,123)|(65,124)|(137,147)|(104,146)|
|(97,46)|(132,147)|(125,123)|(65,125)|(136,147)|(104,146)|
|(97,47)|(131,147)|(126,123)|(65,126)|(135,147)|(104,146)|
|(97,48)|(130,147)|(127,123)|(65,127)|(134,147)|(104,146)|
|(97,49)|(129,147)|(128,123)|(65,128)|(133,147)|(104,146)|
|(97,50)|(128,147)|(129,123)|(65,129)|(132,147)|(104,146)|
|(97,51)|(127,147)|(130,123)|(65,130)|(131,147)|(104,146)|
|(97,52)|(126,147)|(131,123)|(65,131)|(130,147)|(104,146)|
|(97,53)|(125,147)|(132,123)|(65,132)|(129,147)|(104,146)|
|(97,54)|(124,147)|(133,123)|(65,133)|(128,147)|(104,146)|
|(97,55)|(123,147)|(134,123)|(65,134)|(127,147)|(104,146)|
|(97,56)|(122,147)|(135,123)|(65,135)|(126,147)|(104,146)|
|(97,57)|(121,147)|(136,123)|(65,136)|(125,147)|(104,146)|
|(97,58)|(120,147)|(137,123)|(65,137)|(124,147)|(104,146)|
|(97,59)|(119,147)|(138,123)|(65,138)|(123,147)|(104,146)|
|(97,60)|(118,147)|(139,123)|(65,139)|(123,147)|(104,146)|
|(97,61)|(117,147)|(140,123)|(65,140)|(123,147)|(104,146)|
|(97,62)|(116,147)|(141,123)|(65,141)|(123,147)|(104,146)|
|(97,63)|(115,147)|(142,123)|(65,142)|(123,147)|(104,146)|
|(97,64)|(114,147)|(143,123)|(65,143)|(123,147)|(104,146)|
|(97,65)|(113,147)|(144,123)|(65,144)|(123,147)|(104,146)|
|(97,66)|(112,147)|(145,123)|(65,145)|(123,147)|(104,146)|
|(97,67)|(111,147)|(146,123)|(65,146)|(123,147)|(104,146)|
|(97,68)|(110,147)|(147,123)|(65,147)|(123,147)|(104,146)|
|(97,69)|(109,147)|(148,123)|(65,148)|(123,147)|(104,146)|
|(97,70)|(108,147)|(149,123)|(65,149)|(123,147)|(104,146)|
|(97,71)|(107,147)|(150,123)|(65,150)|(123,147)|(104,146)|
|(97,72)|(106,147)|(151,123)|(65,151)|(123,147)|(104,146)|
|(97,73)|(105,147)|(152,123)|(65,152)|(123,147)|(104,146)|
|(97,74)|(104,147)|(153,123)|(65,153)|(123,147)|(104,146)|
|(97,75)|(103,147)|(153,123)|(65,154)|(123,147)|(104,146)|
|(97,76)|(102,147)|(153,123)|(65,155)|(123,147)|(104,146)|
|(97,77)|(101,147)|(153,123)|(65,156)|(123,147)|(104,146)|
|(97,78)|(100,147)|(153,123)|(65,157)|(123,147)|(104,146)|
|(97,79)|(99,147)|(153,123)|(65,158)|(123,147)|(104,146)|
|(97,80)|(98,147)|(153,123)|(65,159)|(123,147)|(104,146)|
|(97,81)|(97,147)|(153,123)|(65,160)|(123,147)|(104,146)|
|(97,82)|(96,147)|(153,123)|(65,161)|(123,147)|(104,146)|
|(97,83)|(95,147)|(153,123)|(65,162)|(123,147)|(104,146)|
|(97,84)|(94,147)|(153,123)|(65,163)|(123,147)|(104,146)|
|(97,85)|(93,147)|(153,123)|(65,164)|(123,147)|(104,146)|
|(97,86)|(92,147)|(153,123)|(65,165)|(123,147)|(104,146)|
|(97,87)|(91,147)|(153,123)|(65,166)|(123,147)|(104,146)|
|(97,88)|(90,147)|(153,123)|(65,167)|(123,147)|(104,146)|
|(97,89)|(89,147)|(153,123)|(65,168)|(123,147)|(104,146)|
|(97,90)|(89,147)|(153,123)|(65,168)|(123,147)|(104,146)|
|(97,91)|(89,147)|(153,123)|(65,168)|(123,147)|(104,146)|
|(97,92)|(89,147)|(153,123)|(65,168)|(123,147)|(104,146)|
|(97,93)|(89,147)|(153,123)|(65,168)|(123,147)|(104,146)|
|(97,94)|(89,147)|(153,123)|(65,168)|(123,147)|(104,146)|
|(97,95)|(89,147)|(153,123)|(65,168)|(123,147)|(104,146)|
|(97,96)|(89,147)|(153,123)|(65,168)|(123,147)|(104,146)|
|(97,97)|(89,147)|(153,123)|(65,168)|(123,147)|(104,146)|
|(97,98)|(89,147)|(153,123)|(65,168)|(123,147)|(104,146)|
|(97,99)|(89,147)|(153,123)|(65,168)|(123,147)|(104,146)|
|(97,100)|(89,147)|(153,123)|(65,168)|(123,147)|(104,146)|
|(97,101)|(89,147)|(153,123)|(65,168)|(123,147)|(104,146)|
|(97,102)|(89,147)|(153,123)|(65,168)|(123,147)|(104,146)|
|(97,103)|(89,147)|(153,123)|(65,168)|(123,147)|(104,146)|
|(97,104)|(89,147)|(153,123)|(65,168)|(123,147)|(104,146)|
|(97,105)|(89,147)|(153,123)|(65,168)|(123,147)|(104,146)|
|(97,106)|(89,147)|(153,123)|(65,168)|(123,147)|(104,146)|
|(97,107)|(89,147)|(153,123)|(65,168)|(123,147)|(104,146)|
|(97,108)|(89,147)|(153,123)|(65,168)|(123,147)|(104,146)|
|(97,109)|(89,147)|(153,123)|(65,168)|(123,147)|(104,146)|
|(97,110)|(89,147)|(153,123)|(65,168)|(123,147)|(104,146)|
|(97,111)|(89,147)|(153,123)|(65,168)|(123,147)|(104,146)|
|(97,112)|(89,147)|(153,123)|(65,168)|(123,147)|(104,146)|
|(97,113)|(89,147)|(153,123)|(65,168)|(123,147)|(104,146)|
|(97,114)|(89,147)|(153,123)|(65,168)|(123,147)|(104,146)|
|(98,114)|(89,147)|(153,123)|(65,168)|(123,147)|(104,146)|
|(99,114)|(89,147)|(153,123)|(65,168)|(123,147)|(104,146)|
|(100,114)|(89,147)|(153,123)|(65,168)|(123,147)|(104,146)|
|(101,114)|(89,147)|(153,123)|(65,168)|(123,147)|(104,146)|
|(102,114)|(89,147)|(153,123)|(65,168)|(123,147)|(104,146)|
+SUCCESS+ (:

-----------> Finished first half of A*star <-----------

Solving Problem instance:8 Grid Name:Random Grid #Agents:6, GridCells:27235, #Obstacles:25726
-----------------A*/SIC-----------------
Total cost: 609
Solution depth: 0

Time In milliseconds: 266008.2817
Total Expanded Nodes: 142
Total Generated Nodes: 1541239
Total Reopened Nodes: 0
Num BPMX boosts: 0
Closed list hits: 211412
Reopened Nodes With Old H: 0
No Reopen H Updates: 0
Max expansion delay: 0
A*/SIC Quick insertions: 142
A*/SIC Quick insertions cancelled: 1126


Number of moves in the final solution: 143
Number of moves in the final solution: 0
|(236,106)|(18,106)|(234,108)|(152,192)|(82,106)|(170,146)|
|(235,106)|(18,107)|(233,108)|(151,192)|(82,107)|(169,146)|
|(234,106)|(18,108)|(232,108)|(150,192)|(82,108)|(168,146)|
|(233,106)|(18,109)|(231,108)|(149,192)|(82,109)|(167,146)|
|(232,106)|(18,110)|(230,108)|(148,192)|(82,110)|(166,146)|
|(231,106)|(18,111)|(229,108)|(147,192)|(82,111)|(165,146)|
|(230,106)|(18,112)|(228,108)|(146,192)|(82,112)|(164,146)|
|(229,106)|(18,113)|(227,108)|(145,192)|(82,113)|(163,146)|
|(228,106)|(18,114)|(226,108)|(144,192)|(82,114)|(162,146)|
|(227,106)|(18,115)|(225,108)|(143,192)|(82,115)|(161,146)|
|(226,106)|(18,116)|(224,108)|(142,192)|(82,116)|(160,146)|
|(225,106)|(18,117)|(223,108)|(141,192)|(82,117)|(159,146)|
|(224,106)|(18,118)|(222,108)|(140,192)|(82,118)|(158,146)|
|(223,106)|(18,119)|(221,108)|(139,192)|(82,119)|(157,146)|
|(222,106)|(18,120)|(220,108)|(138,192)|(82,120)|(156,146)|
|(221,106)|(19,120)|(219,108)|(137,192)|(82,121)|(155,146)|
|(220,106)|(20,120)|(218,108)|(136,192)|(82,122)|(154,146)|
|(219,106)|(21,120)|(217,108)|(135,192)|(82,123)|(153,146)|
|(218,106)|(22,120)|(216,108)|(134,192)|(82,124)|(152,146)|
|(217,106)|(23,120)|(215,108)|(133,192)|(82,125)|(151,146)|
|(216,106)|(24,120)|(214,108)|(132,192)|(82,126)|(150,146)|
|(215,106)|(25,120)|(213,108)|(131,192)|(82,127)|(149,146)|
|(214,106)|(26,120)|(212,108)|(130,192)|(82,128)|(148,146)|
|(213,106)|(27,120)|(211,108)|(129,192)|(82,129)|(147,146)|
|(213,107)|(28,120)|(210,108)|(128,192)|(82,130)|(146,146)|
|(212,107)|(29,120)|(210,109)|(127,192)|(82,131)|(145,146)|
|(212,108)|(30,120)|(209,109)|(126,192)|(82,132)|(144,146)|
|(211,108)|(31,120)|(208,109)|(125,192)|(82,133)|(143,146)|
|(210,108)|(32,120)|(208,110)|(124,192)|(82,134)|(142,146)|
|(210,109)|(32,121)|(207,110)|(123,192)|(82,135)|(141,146)|
|(209,109)|(33,121)|(206,110)|(122,192)|(82,136)|(140,146)|
|(208,109)|(33,122)|(206,111)|(121,192)|(82,137)|(139,146)|
|(208,110)|(34,122)|(205,111)|(120,192)|(82,138)|(138,146)|
|(207,110)|(34,123)|(204,111)|(119,192)|(82,139)|(137,146)|
|(206,110)|(35,123)|(203,111)|(118,192)|(82,140)|(136,146)|
|(206,111)|(36,123)|(203,112)|(117,192)|(82,141)|(135,146)|
|(205,111)|(36,124)|(202,112)|(116,192)|(82,142)|(134,146)|
|(204,111)|(37,124)|(201,112)|(115,192)|(82,143)|(133,146)|
|(203,111)|(38,124)|(200,112)|(114,192)|(82,144)|(132,146)|
|(203,112)|(38,125)|(199,112)|(113,192)|(82,145)|(131,146)|
|(202,112)|(39,125)|(198,112)|(112,192)|(82,146)|(130,146)|
|(201,112)|(39,126)|(197,112)|(111,192)|(82,147)|(129,146)|
|(200,112)|(40,126)|(196,112)|(110,192)|(83,147)|(128,146)|
|(199,112)|(40,127)|(195,112)|(109,192)|(84,147)|(127,146)|
|(198,112)|(41,127)|(194,112)|(108,192)|(85,147)|(126,146)|
|(197,112)|(41,128)|(194,113)|(107,192)|(86,147)|(125,146)|
|(196,112)|(41,129)|(193,113)|(106,192)|(87,147)|(124,146)|
|(195,112)|(42,129)|(192,113)|(105,192)|(88,147)|(123,146)|
|(194,112)|(42,130)|(192,114)|(104,192)|(89,147)|(122,146)|
|(194,113)|(43,130)|(191,114)|(103,192)|(90,147)|(121,146)|
|(193,113)|(43,131)|(190,114)|(102,192)|(91,147)|(120,146)|
|(192,113)|(43,132)|(189,114)|(101,192)|(92,147)|(119,146)|
|(192,114)|(44,132)|(188,114)|(100,192)|(93,147)|(118,146)|
|(191,114)|(45,132)|(187,114)|(99,192)|(94,147)|(117,146)|
|(190,114)|(45,133)|(186,114)|(98,192)|(95,147)|(116,146)|
|(189,114)|(45,134)|(185,114)|(97,192)|(96,147)|(115,146)|
|(188,114)|(45,135)|(184,114)|(96,192)|(97,147)|(114,146)|
|(187,114)|(45,136)|(183,114)|(95,192)|(98,147)|(113,146)|
|(186,114)|(45,137)|(182,114)|(94,192)|(99,147)|(112,146)|
|(185,114)|(45,138)|(181,114)|(93,192)|(100,147)|(111,146)|
|(184,114)|(45,139)|(180,114)|(92,192)|(101,147)|(110,146)|
|(183,114)|(45,140)|(179,114)|(91,192)|(102,147)|(109,146)|
|(182,114)|(45,141)|(178,114)|(91,191)|(103,147)|(108,146)|
|(181,114)|(45,142)|(177,114)|(91,190)|(104,147)|(107,146)|
|(180,114)|(45,143)|(176,114)|(91,189)|(105,147)|(106,146)|
|(179,114)|(45,144)|(175,114)|(91,188)|(106,147)|(105,146)|
|(178,114)|(45,145)|(174,114)|(91,187)|(107,147)|(104,146)|
|(177,114)|(45,146)|(173,114)|(91,186)|(108,147)|(104,146)|
|(176,114)|(45,147)|(172,114)|(91,185)|(109,147)|(104,146)|
|(175,114)|(46,147)|(171,114)|(91,184)|(110,147)|(104,146)|
|(174,114)|(47,147)|(170,114)|(91,183)|(111,147)|(104,146)|
|(173,114)|(48,147)|(169,114)|(91,182)|(112,147)|(104,146)|
|(172,114)|(49,147)|(168,114)|(91,181)|(113,147)|(104,146)|
|(171,114)|(50,147)|(167,114)|(91,180)|(114,147)|(104,146)|
|(170,114)|(51,147)|(166,114)|(91,179)|(115,147)|(104,146)|
|(169,114)|(52,147)|(165,114)|(90,179)|(116,147)|(104,146)|
|(168,114)|(53,147)|(164,114)|(90,178)|(117,147)|(104,146)|
|(167,114)|(54,147)|(163,114)|(89,178)|(118,147)|(104,146)|
|(166,114)|(55,147)|(162,114)|(89,177)|(119,147)|(104,146)|
|(165,114)|(56,147)|(161,114)|(88,177)|(120,147)|(104,146)|
|(164,114)|(57,147)|(160,114)|(88,176)|(121,147)|(104,146)|
|(163,114)|(58,147)|(159,114)|(88,175)|(122,147)|(104,146)|
|(162,114)|(59,147)|(158,114)|(88,174)|(123,147)|(104,146)|
|(161,114)|(60,147)|(157,114)|(87,174)|(123,147)|(104,146)|
|(160,114)|(61,147)|(156,114)|(87,173)|(123,147)|(104,146)|
|(159,114)|(62,147)|(155,114)|(87,172)|(123,147)|(104,146)|
|(158,114)|(63,147)|(154,114)|(86,172)|(123,147)|(104,146)|
|(157,114)|(64,147)|(153,114)|(86,171)|(123,147)|(104,146)|
|(156,114)|(65,147)|(153,115)|(85,171)|(123,147)|(104,146)|
|(155,114)|(66,147)|(153,116)|(85,170)|(123,147)|(104,146)|
|(154,114)|(67,147)|(153,117)|(84,170)|(123,147)|(104,146)|
|(153,114)|(68,147)|(153,118)|(83,170)|(123,147)|(104,146)|
|(152,114)|(69,147)|(153,119)|(82,170)|(123,147)|(104,146)|
|(151,114)|(70,147)|(153,120)|(81,170)|(123,147)|(104,146)|
|(150,114)|(71,147)|(153,121)|(80,170)|(123,147)|(104,146)|
|(149,114)|(72,147)|(153,122)|(79,170)|(123,147)|(104,146)|
|(148,114)|(73,147)|(153,123)|(78,170)|(123,147)|(104,146)|
|(147,114)|(74,147)|(153,123)|(77,170)|(123,147)|(104,146)|
|(146,114)|(75,147)|(153,123)|(76,170)|(123,147)|(104,146)|
|(145,114)|(76,147)|(153,123)|(75,170)|(123,147)|(104,146)|
|(144,114)|(77,147)|(153,123)|(74,170)|(123,147)|(104,146)|
|(143,114)|(78,147)|(153,123)|(73,170)|(123,147)|(104,146)|
|(142,114)|(79,147)|(153,123)|(72,170)|(123,147)|(104,146)|
|(141,114)|(80,147)|(153,123)|(71,170)|(123,147)|(104,146)|
|(140,114)|(81,147)|(153,123)|(70,170)|(123,147)|(104,146)|
|(139,114)|(82,147)|(153,123)|(69,170)|(123,147)|(104,146)|
|(138,114)|(83,147)|(153,123)|(68,170)|(123,147)|(104,146)|
|(137,114)|(84,147)|(153,123)|(67,170)|(123,147)|(104,146)|
|(136,114)|(85,147)|(153,123)|(66,170)|(123,147)|(104,146)|
|(135,114)|(86,147)|(153,123)|(65,170)|(123,147)|(104,146)|
|(134,114)|(87,147)|(153,123)|(65,169)|(123,147)|(104,146)|
|(133,114)|(88,147)|(153,123)|(65,168)|(123,147)|(104,146)|
|(132,114)|(89,147)|(153,123)|(65,168)|(123,147)|(104,146)|
|(131,114)|(89,147)|(153,123)|(65,168)|(123,147)|(104,146)|
|(130,114)|(89,147)|(153,123)|(65,168)|(123,147)|(104,146)|
|(129,114)|(89,147)|(153,123)|(65,168)|(123,147)|(104,146)|
|(128,114)|(89,147)|(153,123)|(65,168)|(123,147)|(104,146)|
|(127,114)|(89,147)|(153,123)|(65,168)|(123,147)|(104,146)|
|(126,114)|(89,147)|(153,123)|(65,168)|(123,147)|(104,146)|
|(125,114)|(89,147)|(153,123)|(65,168)|(123,147)|(104,146)|
|(124,114)|(89,147)|(153,123)|(65,168)|(123,147)|(104,146)|
|(123,114)|(89,147)|(153,123)|(65,168)|(123,147)|(104,146)|
|(122,114)|(89,147)|(153,123)|(65,168)|(123,147)|(104,146)|
|(121,114)|(89,147)|(153,123)|(65,168)|(123,147)|(104,146)|
|(120,114)|(89,147)|(153,123)|(65,168)|(123,147)|(104,146)|
|(119,114)|(89,147)|(153,123)|(65,168)|(123,147)|(104,146)|
|(118,114)|(89,147)|(153,123)|(65,168)|(123,147)|(104,146)|
|(117,114)|(89,147)|(153,123)|(65,168)|(123,147)|(104,146)|
|(116,114)|(89,147)|(153,123)|(65,168)|(123,147)|(104,146)|
|(115,114)|(89,147)|(153,123)|(65,168)|(123,147)|(104,146)|
|(114,114)|(89,147)|(153,123)|(65,168)|(123,147)|(104,146)|
|(113,114)|(89,147)|(153,123)|(65,168)|(123,147)|(104,146)|
|(112,114)|(89,147)|(153,123)|(65,168)|(123,147)|(104,146)|
|(111,114)|(89,147)|(153,123)|(65,168)|(123,147)|(104,146)|
|(110,114)|(89,147)|(153,123)|(65,168)|(123,147)|(104,146)|
|(109,114)|(89,147)|(153,123)|(65,168)|(123,147)|(104,146)|
|(108,114)|(89,147)|(153,123)|(65,168)|(123,147)|(104,146)|
|(107,114)|(89,147)|(153,123)|(65,168)|(123,147)|(104,146)|
|(106,114)|(89,147)|(153,123)|(65,168)|(123,147)|(104,146)|
|(105,114)|(89,147)|(153,123)|(65,168)|(123,147)|(104,146)|
|(104,114)|(89,147)|(153,123)|(65,168)|(123,147)|(104,146)|
|(103,114)|(89,147)|(153,123)|(65,168)|(123,147)|(104,146)|
|(102,114)|(89,147)|(153,123)|(65,168)|(123,147)|(104,146)|
+SUCCESS+ (:

-----------> Finished the second reverse A*star <-----------

#################################################
The middle position of the plan from full Astar on all the agents together:
|(173,114)|(48,147)|(169,114)|(91,182)|(112,147)|(104,146)|
Here are the new caculated middle positions from the separeted single agents solutions:
|(102,114)|(89,147)|(153,123)|(65,168)|(123,147)|(104,146)|
Great, you executed the automated middle positions algorithm!
#################################################
                Final Results!:
#################################################
---------------------------------------------------
Total cost full regular A*star = 1221
Total cost Bi - Directional A* star = 1221
Bi - Directional details:
Total cost starting half A* star = 612
Total cost reverse half A* star = 609
---------------------------------------------------
Total time full regular A*star = 830828
Total time Bi - Directional A* star = 457362
Bi - Directional details:
Total time starting half A* star = 191354
Total time reverse half A* star = 266008
---------------------------------------------------
Total expanded nodes full regular A* star = 284
Total expanded nodes Bi-Directional A* star = 284
Bi - Directional details:
Total expanded nodes starting half A*star = 142
Total expanded nodes reverse half A*star = 142
--------------------------------------------------
Total generated nodes full regular A*star = 3529906
Total generated nodes Bi-Directional A* star = 3378056
Bi - Directional details:
Total generated nodes starting half A*star = 1836817
Total generated nodes reverse half A*star = 1541239
--------------------------------------------------
*********************THE END**************************